560 168 265 470 730 994 453 250 128 982 299 503 361 465 500 304 413 459 587 326 
463 834 551 445 290 611 139 540 404 888 232 617 334 975 672 594 848 36 720 
300 124 533 272 502 753 226 915 666 798 65 457 547 211 930 637 871 635 61 772 762 560 225 647 703 384 373 882 
381 370 571 409 138 152 497 193 736 774 601 124 263 210 445 711 919 384 356 54 932 992 171 914 1 
752 821 775 909 794 668 206 547 801 870 778 64 521 787 894 856 227 647 9 757 869 33 460 324 360 0 341 513 343 423 720 19 867 861 964 
720 821 742 886 511 246 714 613 115 118 916 924 975 598 414 504 
365 385 702 94 381 813 887 288 846 495 450 231 785 651 350 840 717 961 159 416 849 898 34 230 388 
225 930 262 368 420 365 379 194 523 264 280 340 368 280 46 939 120 541 68 972 716 332 895 560 321 542 547 920 634 435 537 
974 94 994 429 684 606 70 509 654 567 925 660 248 408 980 811 239 528 484 529 866 576 
205 339 187 408 622 447 482 971 169 258 786 636 586 560 518 773 945 564 482 
838 815 620 905 430 573 793 671 724 840 285 695 981 827 66 286 300 736 429 368 
948 344 572 906 672 799 231 16 979 608 550 918 39 111 9 835 537 
599 140 218 417 540 589 286 978 944 951 447 399 267 88 449 612 861 
370 166 587 643 324 149 744 885 910 879 173 541 172 341 640 265 46 
558 274 862 258 654 445 402 880 868 406 482 143 547 584 733 752 588 
765 355 882 13 231 612 643 28 635 326 89 520 574 647 823 
144 483 168 403 161 394 331 820 903 80 980 838 164 26 808 16 787 
674 398 626 534 999 311 17 274 916 569 704 18 500 490 44 25 707 6 903 772 959 257 600 216 402 568 909 
579 404 314 507 497 185 528 369 763 417 866 79 781 918 817 480 997 309 99 895 736 3 460 150 981 777 852 760 
85 439 676 588 67 7 226 690 349 576 489 453 375 325 544 181 
378 858 139 411 305 698 362 280 393 494 632 737 125 
922 912 83 885 690 541 317 186 198 961 44 575 187 855 29 263 189 509 383 
446 506 752 356 204 529 343 654 56 171 742 845 663 645 506 882 343 648 437 986 765 721 204 894 
652 263 97 883 280 46 951 45 847 633 888 201 865 700 593 65 329 763 
830 762 96 425 884 788 314 335 551 359 953 265 633 39 107 751 835 439 588 921 446 22 623 221 
7 195 674 869 247 142 18 65 845 262 133 529 744 660 323 375 159 192 348 132 
796 436 702 898 886 599 414 674 328 558 242 785 928 304 80 721 503 337 300 
505 260 517 663 517 291 679 886 658 919 514 226 447 199 492 
600 784 718 902 755 809 227 403 907 294 414 41 498 815 775 876 479 557 311 
944 142 772 989 527 235 283 164 402 507 952 792 749 715 52 420 256 942 220 820 
221 258 977 976 639 702 840 574 771 717 930 43 987 212 648 511 499 262 527 504 229 944 712 626 
74 911 415 235 649 133 345 455 378 981 517 20 938 86 343 422 679 849 291 81 27 312 638 162 257 665 
688 714 107 758 338 916 310 480 562 81 482 428 70 231 647 795 693 470 525 679 52 
547 217 986 991 106 175 629 924 961 568 283 888 100 848 510 734 470 122 534 541 
821 972 992 879 382 212 833 966 160 286 565 187 532 161 5 77 280 320 670 264 217 120 251 853 
995 808 717 456 996 360 626 919 102 386 215 371 47 45 978 649 342 766 74
114 754 334 549 903 659 242 403 394 58 319 956 805 360 885 768 588 984 751 61 983 465 106 769 
267 909 395 215 434 479 350 288 969 875 
329 507 657 970 781 697 937 1000 785 667 977 706 963 872 844 106 435 507 212 747 125 51 557 
661 905 178 498 689 399 426 227 671 678 472 142 585 17 
947 370 1000 954 427 85 345 140 174 162 505 471 24 739 436 142 255 501 181 
16 53 613 345 163 832 118 918 825 917 276 681 340 652 662 834 768 334 211 565 281 610 103 84 718 50 587 284 484 911 520 790 475 153 206 55 855 310 434 919 856 117 958 
280 499 214 126 74 338 920 347 672 999 316 585 762 253 792 30 583 664 736 972 977 310 111 818 
578 627 616 631 954 453 518 704 869 999 54 60 720 354 512 702 139 33 
245 4 680 722 661 100 36 144 722 88 130 522 415 901 781 941 617 569 793 885 951 353 980 280 223 518 305 
554 508 487 524 955 584 338 65 675 74 306 400 810 371 344 293 74 354 696 5 289 486 522 855 340 830 67 689 951 212 
784 671 446 175 144 823 756 439 702 729 940 980 809 169 165 492 756 995 437 7 
446 633 3 897 948 473 779 646 215 872 460 352 516 692 717 959 998 812 437 349 
40 661 170 988 572 63 992 519 899 784 221 647 559 161 426 519 388 699 147 769 
533 685 107 437 518 976 294 153 867 737 31 467 722 538 
657 905 625 730 931 908 923 579 582 3 103 610 882 702 663 562 312 47 521 86 824 738 388 821 202 741 741 125 233 9 136 851 
232 713 869 326 587 653 627 856 686 229 895 
388 226 793 703 383 964 598 776 870 486 494 274 772 816 
756 368 33 946 491 688 381 673 948 794 307 696 66 28 569 764 338 5 
487 790 614 719 940 671 817 725 30 705 4 799 784 777 238 963 347 304 275 530 187 987 23 581 520 814 160 
133 434 517 799 342 544 104 471 795 648 490 321 454 788 199 503 
954 633 867 543 844 824 308 933 237 427 365 
428 143 850 14 243 595 735 344 264 851 524 305 517 230 847 
807 262 884 425 854 528 844 438 746 805 541 170 71 122 566 811 755 933 588 437 720 
645 477 524 872 838 349 465 996 385 344 498 357 97 238 440 729 614 253 68 558 660 584 979 920 874 795 900 996 
959 297 414 7 422 680 233 110 803 452 573 922 770 8 636 474 13 248 159 881 456 2 825 180 401 229 504 726 375 737 
912 381 375 764 245 705 939 521 508 34 512 453 797 481 791 388 640 3 164 483 
406 509 575 467 716 151 114 197 880 795 958 891 827 534 408 902 54 954 672 766 209 284 690 521 928 728 888 5 
928 175 960 618 416 94 256 164 976 550 869 238 139 651 
83 288 527 63 510 18 102 756 866 643 187 542 764 106 120 945 710 595 271 608 975 922 
409 355 689 391 996 769 644 59 318 193 928 722 2 805 168 171 648 601 242 482 
93 52 512 159 626 412 820 949 943 702 174 652 702 21 679 578 30 900 367 603 987 
838 933 70 568 146 989 887 208 131 796 762 419 
794 979 591 803 303 733 887 179 571 733 272 526 45 833 183 849 695 
470 739 999 325 822 765 610 578 132 787 508 98 186 370 223 886 123 155 487 519 796 298 239 
856 891 243 360 863 950 551 826 151 438 883 445 954 741 494 542 337 265 108 260 568 589 
559 426 678 429 443 880 761 426 373 845 489 659 972 790 193 519 383 
768 132 40 499 330 517 826 29 476 303 318 206 158 862 254 370 97 143 735 160 585 850 677 
48 773 70 771 75 793 840 729 474 501 700 179 789 852 555 604 631 100 458 123 843 800 372 21 
105 110 422 486 371 61 657 12 270 573 131 316 63 511 649 54 860 603 365 179 944 939 297 891 778 826 7 
640 531 935 604 56 554 549 186 462 992 619 944 821 1000 12 25 289 
454 166 300 523 633 50 496 984 490 154 347 285 188 909 283 805 697 187 654 983 688 595 771 785 940 719 
369 230 235 791 465 77 264 94 459 911 566 291 915 520 444 418 809 619 971 786 213 780 
900 190 218 144 762 238 347 361 729 600 221 919 588 393 735 379 289 367 809 169 640 461 760 27 799 450 958 115 
834 97 414 97 851 809 824 959 194 293 
439 546 845 807 871 505 603 221 292 712 948 560 84 355 13 
987 681 270 759 842 979 137 600 102 851 588 238 855 697 803 894 442 64 156 
345 48 275 614 313 939 283 488 860 523 430 638 23 263 758 1 768 784 
876 454 825 636 991 666 969 495 279 729 920 519 858 377 240 909 128 291 102 415 340 370 540 308 649 640 163 907 
961 422 428 611 494 524 828 784 198 867 55 263 903 984 688 735 715 892 568 610 821 798 697 876 161 212 6 720 
455 691 698 613 384 287 29 147 183 243 502 812 722 267 410 753 291 466 
929 428 394 544 427 571 23 19 809 578 338 
921 46 296 169 526 130 343 708 24 361 763 875 128 148 874 73 659 336 627 315 46 226 889 553 650 861 568 243 550 855 145 466 813 664 776 
19 276 655 318 62 500 158 175 417 894 34 599 839 248 603 75 176 704 804 268 905 955 987 696 26 524 
968 247 335 965 190 491 256 816 594 160 97 232 880 275 746 325 462 822 429 103 276 224 600 700 868 419 862 757 43 
197 281 183 66 935 379 392 594 431 153 727 798 409 156 774 808 716 195 306 601 
783 429 629 56 747 828 973 590 332 126 812 994 292 511 175 649 567 498 271 77 561 449 60 670 928 441 48 
626 331 298 478 651 504 840 818 313 202 508 48 134 501 595 926 208 808 551 914 476 488 55 635 308 368 507 659 404 245 
595 504 612 5 54 576 699 739 422 151 824 497 62 998 44 280 881 
853 874 940 704 521 441 704 862 559 61 688 854 806 165 37 890 929 470 532 125 771 48 
946 127 420 238 645 261 336 81 572 935 
157 412 298 635 85 406 405 104 381 442 867 200 212 884 962 6 717 857 730 995 506 772 481 301 971 289 28 
772 667 461 184 805 975 159 351 656 523 825 61 266 205 
299 425 484 43 113 775 729 950 328 548 519 567 729 488 884 594 968 552 571 500 
578 690 476 351 503 694 476 139 842 700 266 973 963 160 673 777 172 6 129 141 998 494 148 107 912 21 570 175 606 960 224 
